1779183307614 1.82225 0
1779183783586 1.68164 1
1779184218463 1.58841 2
1779184644287 1.51269 3
1779185076633 1.46467 4
1779185545204 1.42853 5
1779186048710 1.39651 6
1779186452402 1.37127 7
1779186905388 1.35627 8
1779187544170 1.33123 9
1779188367235 1.31015 10
1779188962628 1.29858 11
1779189351658 1.28839 12
1779189745937 1.28118 13
1779190135471 1.26121 14
1779190525782 1.24631 15
1779190915764 1.24127 16
1779191305022 1.22379 17
1779191694710 1.23197 18
1779192084024 1.21812 19
1779192482776 1.203 20
1779192912101 1.195 21
1779193342428 1.18932 22
1779194166497 1.18245 23
1779194983566 1.17383 24
1779195664273 1.16706 25
