1779183307614 2.87084 0
1779183783586 2.63232 1
1779184218463 2.48322 2
1779184644287 2.3698 3
1779185076633 2.2838 4
1779185545204 2.19964 5
1779186048710 2.13731 6
1779186452402 2.09507 7
1779186905388 2.05281 8
1779187544170 2.00518 9
1779188367235 1.96578 10
1779188962628 1.92284 11
1779189351658 1.89655 12
1779189745937 1.86945 13
1779190135471 1.84925 14
1779190525782 1.81726 15
1779190915764 1.80114 16
1779191305022 1.7728 17
1779191694710 1.76254 18
1779192084024 1.73611 19
1779192482776 1.71079 20
1779192912101 1.69058 21
1779193342428 1.67308 22
1779194166497 1.65678 23
1779194983566 1.63062 24
1779195664273 1.62901 25
