1779183307614 1.96893 0
1779183783586 1.8934 1
1779184218463 1.82469 2
1779184644287 1.77846 3
1779185076633 1.73774 4
1779185545204 1.70812 5
1779186048710 1.68124 6
1779186452402 1.66432 7
1779186905388 1.64918 8
1779187544170 1.62626 9
1779188367235 1.61163 10
1779188962628 1.59843 11
1779189351658 1.59673 12
1779189745937 1.58599 13
1779190135471 1.57126 14
1779190525782 1.56047 15
1779190915764 1.55166 16
1779191305022 1.54056 17
1779191694710 1.54487 18
1779192084024 1.52849 19
1779192482776 1.52337 20
1779192912101 1.51733 21
1779193342428 1.50866 22
1779194166497 1.49996 23
1779194983566 1.49127 24
1779195664273 1.49055 25
