1779201218746 0.0047391869283298985 26
1779202129916 0.004429600493856694 27
1779202802462 0.0041224624928006635 28
1779204005278 0.0038189850585339693 29
1779205176000 0.003520365877844013 30
1779205857623 0.003227783464210845 31
1779206533849 0.00294239250675289 32
1779207216571 0.0026653193131965093 33
1779207894388 0.0023976573648539644 34
1779208571194 0.0021404630011522597 35
1779209247003 0.0018947512507439858 36
1779209924803 0.001661491825652991 37
1779210604146 0.0014416052942640145 38
1779211281414 0.0012359594482598446 39
1779211960819 0.00104536587784401 40
1779212641433 0.0008705767687650268 41
1779213325217 0.0007122819337828756 42
1779214013028 0.0005711060902932042 43
1779214698888 0.0004476063948531561 44
1779215356525 0.00034227024433898913 45
1779216014642 0.00025551335241327577 46
1779216672998 0.0001876781088929902 47
1779217728189 0.00013903222849333542 48
1779218478004 0.00010976769428005628 49
