1778945820539 84.96571715257261 0
1778946258665 96.25397179329951 1
1778946629095 97.71447683817381 2
1778947019764 98.0768158760243 3
1778947369311 98.47817604102792 4
1778947678648 98.74574948436367 5
1778947987064 98.90740843971236 6
1778948335388 99.08021628853336 7
1778948643405 99.06906739506104 8
1778948951465 99.2641730308267 9
1778949359286 99.44255532638385 10
1778949743206 99.37566196554992 11
1778950202668 99.29761971124366 12
1778950611215 99.48157645353699 13
1778950998813 99.50387424048164 14
1778951373614 99.47600200680083 15
1778951765187 99.63208651541335 16
1778952144354 99.65995874909416 17
1778952544192 99.654384302358 18
1778952901310 99.57634204805173 19
1778953284380 99.58749094152405 20
1778953690853 99.61536317520486 21
1778954066853 99.62093762194102 22
1778954428246 99.7547243436089 23
1778954785516 99.72685210992809 24
