1779183307614 0.0033324645990791416 0
1779183783586 0.006659286984778832 1
1779184218463 0.009960102428115864 2
1779184644287 0.00991232189110701 3
1779185076633 0.009844486647586725 4
1779185545204 0.009757729755661011 5
1779186048710 0.009652393605146845 6
1779186452402 0.009528893909706798 7
1779186905388 0.009387718066217125 8
1779187544170 0.009229423231234974 9
1779188367235 0.00905463412215599 10
1779188962628 0.008864040551740157 11
1779189351658 0.008658394705735989 12
1779189745937 0.008438508174347008 13
1779190135471 0.008205248749256015 14
1779190525782 0.007959536998847742 15
1779190915764 0.007702342635146034 16
1779191305022 0.00743468068680349 17
1779191694710 0.007157607493247109 18
1779192084024 0.006872216535789157 19
1779192482776 0.006579634122155991 20
1779192912101 0.0062810149414660316 21
1779193342428 0.005977537507199338 22
1779194166497 0.0056703995061433065 23
1779194983566 0.005360813071670102 24
1779195664273 0.0050500000000000015 25
