0.1413852572441101
0.06819863617420197
0.12309294939041138
0.15568600594997406
0.0028922613710165024
0.007553138304501772
0.03131026402115822
0.020633982494473457
0.02107401192188263
0.17250370979309082
0.04830469936132431
0.1308208405971527
0.06997703015804291
0.13141083717346191
0.013122888281941414
0.031554415822029114
0.006526445038616657
0.04223950579762459
0.028307951986789703
0.039741400629282
0.044024620205163956
0.07550910115242004
0.13603155314922333
0.005011989269405603
0.023439809679985046
0.007267637178301811
0.1549963802099228
0.017629755660891533
0.03905961662530899
0.08178844302892685
0.12494087219238281
0.048789240419864655
