0.016533929854631424
0.048555705696344376
0.015336201526224613
0.007683815900236368
0.007253368850797415
0.02944612316787243
0.01024650502949953
0.1478153020143509
0.02615867368876934
0.16676346957683563
0.015951160341501236
0.10241742432117462
0.054986584931612015
0.013232411816716194
0.08253394812345505
0.060289278626441956
0.13880228996276855
0.11986833065748215
0.01834256760776043
0.055711906403303146
0.01722395420074463
0.12526090443134308
0.006079038139432669
0.14267876744270325
0.23353211581707
0.03241686150431633
0.075913205742836
0.01478408370167017
0.024064380675554276
0.01784955896437168
0.010609704069793224
0.014337240718305111
