0.11444348841905594
0.11149487644433975
0.11312685161828995
0.05630562826991081
0.017965704202651978
0.03340168669819832
0.051990408450365067
0.027283798903226852
0.09450240433216095
0.18139992654323578
0.051447611302137375
0.03250871226191521
0.02749187871813774
0.20690615475177765
0.08133354038000107
0.15806597471237183
0.14227834343910217
0.11282702535390854
0.06312551349401474
0.021515369415283203
0.4188719093799591
0.1722640097141266
0.03186017647385597
0.10038202255964279
0.04612729325890541
0.03220026567578316
0.07296229898929596
0.02570350468158722
0.028753459453582764
0.24944573640823364
0.18454763293266296
0.228118896484375
