0.37045130133628845
0.12646973133087158
0.1960572600364685
0.4274432957172394
0.2505772113800049
0.2943667769432068
0.2587359547615051
0.25216060876846313
0.2535206973552704
0.19202640652656555
0.26131319999694824
0.3073161542415619
0.3411046266555786
0.09275991469621658
0.1779431700706482
0.24326734244823456
0.16799187660217285
0.17883272469043732
0.10713353008031845
0.45977476239204407
0.28999051451683044
0.224488765001297
0.19104737043380737
0.0916856974363327
0.27910879254341125
0.16342030465602875
0.11243066936731339
0.19331902265548706
0.06615426391363144
0.19875094294548035
0.17130479216575623
0.04215667396783829
