0.013770568184554577
0.006172902416437864
0.004590610507875681
0.0480286180973053
0.01995127461850643
0.011502154171466827
0.13737528026103973
0.007579045835882425
0.005133886821568012
0.015549003146588802
0.046618588268756866
0.0466567762196064
0.032589495182037354
0.02007404714822769
0.006876490544527769
0.015837986022233963
0.01831342838704586
0.00859665684401989
0.01615745574235916
0.16272976994514465
0.0038404311053454876
0.014943543821573257
0.022157980129122734
0.006229036021977663
0.010931810364127159
0.010266879573464394
0.20761390030384064
0.052523836493492126
0.04339466616511345
0.01701568439602852
0.14095932245254517
0.01266962755471468
