0.6194559335708618
0.5961683392524719
0.5964043736457825
0.5670849084854126
0.576033353805542
0.522260308265686
0.5456479787826538
0.5054323673248291
0.49143075942993164
0.5787273645401001
0.5672571659088135
0.5665590167045593
0.3451084494590759
0.4603610932826996
0.5366098284721375
0.43845242261886597
0.46282026171684265
0.4715697765350342
0.5116786956787109
0.432588130235672
0.4216821789741516
0.40967506170272827
0.45643603801727295
0.471991628408432
0.49314188957214355
0.3738948702812195
0.33210867643356323
0.3127797842025757
0.3671824038028717
0.25682345032691956
0.30393701791763306
0.2078104168176651
