0.018529759719967842
0.006292542442679405
0.009665658697485924
0.018062647432088852
0.040210798382759094
0.010778592899441719
0.01121091190725565
0.06822130084037781
0.007040710188448429
0.005433614365756512
0.01598655991256237
0.021664664149284363
0.026727726683020592
0.03351830318570137
0.2174990177154541
0.0019846567884087563
0.0031887339428067207
0.0102460365742445
0.02906249836087227
0.00822405144572258
0.12796102464199066
0.016931485384702682
0.00969112291932106
0.12796658277511597
0.008708418346941471
0.004533389583230019
0.04863610118627548
0.01097886823117733
0.004231607541441917
0.008533897809684277
0.009917739778757095
0.0011446850840002298
