1.0005443096160889
1.0001420974731445
0.9994823336601257
0.9986718893051147
0.9974688291549683
0.9971068501472473
0.9963311553001404
0.9953792095184326
0.9967107772827148
0.9934278726577759
0.9952878952026367
0.9914989471435547
0.9912050366401672
0.9897422790527344
0.9900677800178528
0.9850545525550842
0.9941337704658508
0.985670804977417
0.986758828163147
0.9844502806663513
0.9780232310295105
0.9778760075569153
0.9719302654266357
0.9760011434555054
0.9638822078704834
0.9581679105758667
0.9622119069099426
0.9738026857376099
0.9532838463783264
0.9588279128074646
0.9416635036468506
0.9428180456161499
