0.026247693225741386
0.014731897972524166
0.1482800394296646
0.011387601494789124
0.0055407993495464325
0.012655496597290039
0.010864991694688797
0.009586191736161709
0.013109603896737099
0.13152168691158295
0.010904306545853615
0.012897169217467308
0.0046693808399140835
0.07560126483440399
0.006461502518504858
0.006856920197606087
0.0045231725089251995
0.007989097386598587
0.005459433421492577
0.00960183423012495
0.15454714000225067
0.03520118072628975
0.005407677963376045
0.17067280411720276
0.03294624015688896
0.015762021765112877
0.014021733775734901
0.011775347404181957
0.01161310262978077
0.00789229478687048
0.029734835028648376
0.006452643312513828
