0.9270395636558533
0.9427507519721985
0.9339921474456787
0.9377800226211548
0.9284411668777466
0.9358376860618591
0.8989260792732239
0.899420440196991
0.9142888784408569
0.9122129082679749
0.9007067084312439
0.8700556755065918
0.8554605841636658
0.8801268339157104
0.8884300589561462
0.8239752650260925
0.8724722862243652
0.8246835470199585
0.8047085404396057
0.8076315522193909
0.7959567904472351
0.7854824662208557
0.7815278172492981
0.7758378982543945
0.7312198877334595
0.7587212324142456
0.7999916076660156
0.6655527949333191
0.7138532400131226
0.6698381900787354
0.6804202198982239
0.6877003312110901
