0.005010676104575396
0.04506627842783928
0.13034971058368683
0.003645961871370673
0.005241923034191132
0.12818627059459686
0.0029744328930974007
0.004438202828168869
0.012998601421713829
0.004830915480852127
0.050173159688711166
0.005205056630074978
0.002147725084796548
0.011911876499652863
0.0023687470238655806
0.031765472143888474
0.017483171075582504
0.009116112254559994
0.020385315641760826
0.003027507336810231
0.01457966398447752
0.027562370523810387
0.002422132296487689
0.013774941675364971
0.004872198682278395
0.12888595461845398
0.0027288871351629496
0.03323444724082947
0.007517294492572546
0.010763398371636868
0.025979317724704742
0.04101377725601196
