0.25168377161026
0.04258749634027481
0.011406376957893372
0.016525402665138245
0.006908764131367207
0.007182097993791103
0.0057550836354494095
0.0034021474421024323
0.003473541932180524
0.021041911095380783
0.015205631963908672
0.0031928287353366613
0.12777268886566162
0.007613707333803177
0.003251992166042328
0.01606069877743721
0.00719441007822752
0.010920505039393902
0.00475349510088563
0.023525724187493324
0.004019077401608229
0.012274514883756638
0.02201932668685913
0.142109677195549
0.12984132766723633
0.028334658592939377
0.007601656019687653
0.0021990856621414423
0.007979593239724636
0.012493643909692764
0.0034474176354706287
0.004594380967319012
