0.04826211929321289
0.04516348987817764
0.05224810168147087
0.14570486545562744
0.08236010372638702
0.019255679100751877
0.10871151089668274
0.13096848130226135
0.13189908862113953
0.04736321419477463
0.19485777616500854
0.06713168323040009
0.01708710938692093
0.14077910780906677
0.022804085165262222
0.009598687291145325
0.24568137526512146
0.0490742102265358
0.24573062360286713
0.021241096779704094
0.03196745738387108
0.05743725597858429
0.04424732178449631
0.04436672478914261
0.15815696120262146
0.019054442644119263
0.06282396614551544
0.0665072649717331
0.07473158091306686
0.05204012244939804
0.08032085001468658
0.07885588705539703
