0.16780446469783783
0.3453398644924164
0.03375338762998581
0.18346229195594788
0.19778677821159363
0.1759794056415558
0.05388149619102478
0.24103175103664398
0.112107053399086
0.15206623077392578
0.3789554238319397
0.18373256921768188
0.03601458668708801
0.0452611930668354
0.05724106356501579
0.10183852910995483
0.14918550848960876
0.15755470097064972
0.2882419228553772
0.12448979169130325
0.35031113028526306
0.027845431119203568
0.15885348618030548
0.08293160796165466
0.09438357502222061
0.2305706888437271
0.07033149152994156
0.07538612931966782
0.16282276809215546
0.12435449659824371
0.09831781685352325
0.1854114979505539
