1779058718434 2.29623 0
1779058938791 2.23177 1
1779059027083 2.08556 2
1779059114596 1.96645 3
1779059202718 1.84941 4
1779059291337 1.7663 5
1779059379271 1.72189 6
1779059467100 1.66044 7
1779059554739 1.62504 8
1779059642867 1.59742 9
1779059730742 1.54794 10
1779059818805 1.50552 11
1779062127061 1.49227 12
1779062272503 1.43808 13
1779062358996 1.40907 14
1779062444806 1.38475 15
1779062530855 1.35049 16
1779062617197 1.34274 17
1779062703520 1.31583 18
1779062790201 1.29463 19
1779062919460 1.26539 20
1779063005357 1.23976 21
1779063091983 1.22314 22
1779063178205 1.21299 23
1779063264439 1.20392 24
