1779058718434 3.15898 0
1779058938791 3.07093 1
1779059027083 2.89956 2
1779059114596 2.73259 3
1779059202718 2.55194 4
1779059291337 2.42147 5
1779059379271 2.33188 6
1779059467100 2.26165 7
1779059554739 2.18596 8
1779059642867 2.14145 9
1779059730742 2.08626 10
1779059818805 2.03173 11
1779062127061 1.96825 12
1779062272503 1.91261 13
1779062358996 1.86653 14
1779062444806 1.83248 15
1779062530855 1.78986 16
1779062617197 1.76001 17
1779062703520 1.72211 18
1779062790201 1.70282 19
1779062919460 1.56766 20
1779063005357 1.50645 21
1779063091983 1.48174 22
1779063178205 1.4684 23
1779063264439 1.45375 24
