1779058718434 2.0493 0
1779058938791 2.06828 1
1779059027083 1.95077 2
1779059114596 1.85447 3
1779059202718 1.73414 4
1779059291337 1.67491 5
1779059379271 1.63642 6
1779059467100 1.58902 7
1779059554739 1.55473 8
1779059642867 1.53717 9
1779059730742 1.49651 10
1779059818805 1.48157 11
1779062127061 1.45767 12
1779062272503 1.42097 13
1779062358996 1.39546 14
1779062444806 1.38733 15
1779062530855 1.36593 16
1779062617197 1.35501 17
1779062703520 1.338 18
1779062790201 1.32422 19
1779062919460 1.31587 20
1779063005357 1.3012 21
1779063091983 1.28528 22
1779063178205 1.27158 23
1779063264439 1.26647 24
