1779201218746 1.15175 26
1779202129916 1.14385 27
1779202802462 1.14099 28
1779204005278 1.13005 29
1779205176000 1.113 30
1779205857623 1.11561 31
1779206533849 1.10571 32
1779207216571 1.10181 33
1779207894388 1.09866 34
1779208571194 1.09259 35
1779209247003 1.08748 36
1779209924803 1.07282 37
1779210604146 1.06909 38
1779211281414 1.06732 39
1779211960819 1.06979 40
1779212641433 1.06367 41
1779213325217 1.05647 42
1779214013028 1.05356 43
1779214698888 1.04684 44
1779215356525 1.10657 45
1779216014642 1.10362 46
1779216672998 1.09659 47
1779217728189 1.09324 48
1779218478004 1.08664 49
