1779201218746 1.60349 26
1779202129916 1.58101 27
1779202802462 1.57954 28
1779204005278 1.56081 29
1779205176000 1.54157 30
1779205857623 1.53474 31
1779206533849 1.5148 32
1779207216571 1.51158 33
1779207894388 1.49746 34
1779208571194 1.48665 35
1779209247003 1.47651 36
1779209924803 1.46055 37
1779210604146 1.45046 38
1779211281414 1.45299 39
1779211960819 1.45112 40
1779212641433 1.43432 41
1779213325217 1.43758 42
1779214013028 1.4211 43
1779214698888 1.42236 44
1779215356525 1.37984 45
1779216014642 1.36163 46
1779216672998 1.35393 47
1779217728189 1.344 48
1779218478004 1.33629 49
