1779201218746 1.48038 26
1779202129916 1.47602 27
1779202802462 1.47292 28
1779204005278 1.4616 29
1779205176000 1.45022 30
1779205857623 1.44888 31
1779206533849 1.44306 32
1779207216571 1.43893 33
1779207894388 1.43348 34
1779208571194 1.42997 35
1779209247003 1.42672 36
1779209924803 1.41721 37
1779210604146 1.41583 38
1779211281414 1.41346 39
1779211960819 1.4163 40
1779212641433 1.41338 41
1779213325217 1.40652 42
1779214013028 1.40627 43
1779214698888 1.4049 44
1779215356525 1.44058 45
1779216014642 1.43594 46
1779216672998 1.4346 47
1779217728189 1.42893 48
1779218478004 1.42203 49
