1779058741871 0.00101 0
1779058951995 0.01082 1
1779059039959 0.03393 2
1779059127424 0.04818 3
1779059215842 0.07025 4
1779059304065 0.084 5
1779059391995 0.10002 6
1779059479614 0.09969 7
1779059567831 0.10744 8
1779059655652 0.12679 9
1779059743744 0.13959 10
1779059832118 0.14716 11
1779062145557 0.15657 12
1779062284592 0.1592 13
1779062371182 0.16354 14
1779062457010 0.17834 15
1779062543108 0.17329 16
1779062629540 0.18864 17
1779062716188 0.19792 18
1779062802813 0.19792 19
1779062931782 0.19956 20
1779063017671 0.2016 21
1779063104276 0.20857 22
1779063190442 0.20813 23
1779063276841 0.20866 24
1779063292966 0.20969492994113953 24
