1779058741871 0.0038 0
1779058951995 0.02947 1
1779059039959 0.07206 2
1779059127424 0.09465 3
1779059215842 0.14077 4
1779059304065 0.15325 5
1779059391995 0.18461 6
1779059479614 0.17095 7
1779059567831 0.19539 8
1779059655652 0.22691 9
1779059743744 0.24621 10
1779059832118 0.2546 11
1779062145557 0.25956 12
1779062284592 0.27864 13
1779062371182 0.28188 14
1779062457010 0.31801 15
1779062543108 0.30563 16
1779062629540 0.31863 17
1779062716188 0.3334 18
1779062802813 0.32578 19
1779062931782 0.33653 20
1779063017671 0.3427 21
1779063104276 0.34722 22
1779063190442 0.35865 23
1779063276841 0.35623 24
1779063292966 0.35689751557276556 24
