1779058741871 0.02963 0
1779058951995 0.07166 1
1779059039959 0.18275 2
1779059127424 0.21691 3
1779059215842 0.2921 4
1779059304065 0.308 5
1779059391995 0.3298 6
1779059479614 0.33521 7
1779059567831 0.33206 8
1779059655652 0.35935 9
1779059743744 0.36963 10
1779059832118 0.38652 11
1779062145557 0.38421 12
1779062284592 0.40101 13
1779062371182 0.40805 14
1779062457010 0.42314 15
1779062543108 0.41374 16
1779062629540 0.44079 17
1779062716188 0.43806 18
1779062802813 0.43857 19
1779062931782 0.44448 20
1779063017671 0.44507 21
1779063104276 0.43833 22
1779063190442 0.43354 23
1779063276841 0.43483 24
1779063292966 0.4337788004286524 24
