1779058741871 0.02367 0
1779058951995 0.12131 1
1779059039959 0.15506 2
1779059127424 0.17731 3
1779059215842 0.22333 4
1779059304065 0.25275 5
1779059391995 0.28656 6
1779059479614 0.26823 7
1779059567831 0.2959 8
1779059655652 0.33522 9
1779059743744 0.35046 10
1779059832118 0.37495 11
1779062145557 0.39879 12
1779062284592 0.39939 13
1779062371182 0.4024 14
1779062457010 0.41276 15
1779062543108 0.41575 16
1779062629540 0.43751 17
1779062716188 0.42867 18
1779062802813 0.44062 19
1779062931782 0.45105 20
1779063017671 0.44831 21
1779063104276 0.46888 22
1779063190442 0.46743 23
1779063276841 0.47879 24
1779063292966 0.4811661568684227 24
