1778938494961 55.67199955404426 0
1778938784270 68.90573610569152 1
1778939069208 71.12436590668376 2
1778939344984 72.55699871787725 3
1778939636312 73.57712247059479 4
1778939915341 73.40431462177379 5
1778940170339 74.16243937789174 6
1778940446474 74.9484363676905 7
1778940687793 74.46903394838063 8
1778940939305 74.6752884776186 9
1778941192922 75.483583254362 10
1778941440308 75.36094542616645 11
1778941655912 75.24388204470706 12
1778941854314 75.29962651206867 13
1778942058972 75.09894642956687 14
1778942251774 75.32192429901332 15
1778942518486 75.7009866770723 16
1778942728680 75.20486091755393 17
1778942938515 75.84592229221249 18
1778943159669 75.35537097943029 19
1778943385378 75.71771001728078 20
1778943558441 75.17141423713696 21
1778943740234 75.37209431963878 22
