1779183336764 0.14297 0
1779183808771 0.2101 1
1779184245012 0.19834 2
1779184671267 0.29516 3
1779185094730 0.31391 4
1779185563172 0.33533 5
1779186083567 0.38111 6
1779186471534 0.40124 7
1779186938383 0.43864 8
1779187577898 0.45916 9
1779188408351 0.50118 10
1779188980091 0.51536 11
1779189371739 0.51859 12
1779189763721 0.54339 13
1779190153901 0.53809 14
1779190543624 0.56814 15
1779190933326 0.5647 16
1779191322651 0.58377 17
1779191712535 0.60197 18
1779192101572 0.60243 19
1779192508038 0.6177 20
1779192929754 0.61908 21
1779193361895 0.63263 22
1779194244092 0.63524 23
1779195026612 0.63891 24
1779195708594 0.64328 25
