1779183336764 0.08825 0
1779183808771 0.129 1
1779184245012 0.12887 2
1779184671267 0.20362 3
1779185094730 0.2261 4
1779185563172 0.23674 5
1779186083567 0.2774 6
1779186471534 0.28841 7
1779186938383 0.31183 8
1779187577898 0.34177 9
1779188408351 0.36582 10
1779188980091 0.37747 11
1779189371739 0.38259 12
1779189763721 0.40587 13
1779190153901 0.39898 14
1779190543624 0.42686 15
1779190933326 0.42508 16
1779191322651 0.43681 17
1779191712535 0.45099 18
1779192101572 0.45881 19
1779192508038 0.46638 20
1779192929754 0.46892 21
1779193361895 0.47667 22
1779194244092 0.48449 23
1779195026612 0.48873 24
1779195708594 0.49338 25
