1779183336764 0.20261 0
1779183808771 0.29888 1
1779184245012 0.31531 2
1779184671267 0.37617 3
1779185094730 0.40945 4
1779185563172 0.34951 5
1779186083567 0.48968 6
1779186471534 0.51423 7
1779186938383 0.47562 8
1779187577898 0.5709 9
1779188408351 0.6109 10
1779188980091 0.61758 11
1779189371739 0.60484 12
1779189763721 0.63554 13
1779190153901 0.60932 14
1779190543624 0.67539 15
1779190933326 0.6553 16
1779191322651 0.65683 17
1779191712535 0.69096 18
1779192101572 0.70295 19
1779192508038 0.6938 20
1779192929754 0.6924 21
1779193361895 0.70714 22
1779194244092 0.69981 23
1779195026612 0.68256 24
1779195708594 0.72741 25
