1779183336764 0.14228 0
1779183808771 0.2658 1
1779184245012 0.28487 2
1779184671267 0.32208 3
1779185094730 0.31277 4
1779185563172 0.37823 5
1779186083567 0.38464 6
1779186471534 0.40831 7
1779186938383 0.47315 8
1779187577898 0.44815 9
1779188408351 0.46007 10
1779188980091 0.48201 11
1779189371739 0.49184 12
1779189763721 0.5118 13
1779190153901 0.49989 14
1779190543624 0.50458 15
1779190933326 0.51278 16
1779191322651 0.54092 17
1779191712535 0.53747 18
1779192101572 0.52464 19
1779192508038 0.54501 20
1779192929754 0.5573 21
1779193361895 0.57647 22
1779194244092 0.57712 23
1779195026612 0.58577 24
1779195708594 0.57334 25
