1779058718434 0.07003086419753086 0
1779058938791 0.04000485609740653 1
1779059027083 0.009875404176171235 2
1779059114596 0.009652393605146845 3
1779059202718 0.009387718066217125 4
1779059291337 0.00905463412215599 5
1779059379271 0.008658394705735989 6
1779059467100 0.008205248749256015 7
1779059554739 0.007702342635146034 8
1779059642867 0.007157607493247109 9
1779059730742 0.006579634122155991 10
1779059818805 0.005977537507199338 11
1779062127061 0.005360813071670102 12
1779062272503 0.0047391869283298985 13
1779062358996 0.0041224624928006635 14
1779062444806 0.003520365877844013 15
1779062530855 0.00294239250675289 16
1779062617197 0.0023976573648539644 17
1779062703520 0.0018947512507439858 18
1779062790201 0.0014416052942640145 19
1779062919460 0.00104536587784401 20
1779063005357 0.0007122819337828756 21
1779063091983 0.0004476063948531561 22
1779063178205 0.00025551335241327577 23
1779063264439 0.00013903222849333542 24
