1779201314360 0.64901 26
1779202164433 0.66161 27
1779202836590 0.66842 28
1779204075076 0.66868 29
1779205212841 0.67183 30
1779205891872 0.68034 31
1779206567863 0.6781 32
1779207251440 0.68412 33
1779207928569 0.68895 34
1779208605099 0.69397 35
1779209281081 0.69325 36
1779209959373 0.69663 37
1779210638018 0.69738 38
1779211315524 0.70042 39
1779211994911 0.70062 40
1779212675615 0.70059 41
1779213360257 0.70079 42
1779214048109 0.70267 43
1779214733441 0.70384 44
1779215391249 0.70392 45
1779216049547 0.70374 46
1779216708214 0.70349 47
1779217810116 0.70404 48
1779218513355 0.7044 49
1779218545970 0.7043296200330302 49
