1779201314360 0.49461 26
1779202164433 0.50948 27
1779202836590 0.51043 28
1779204075076 0.51579 29
1779205212841 0.51986 30
1779205891872 0.52668 31
1779206567863 0.52368 32
1779207251440 0.52634 33
1779207928569 0.53191 34
1779208605099 0.53551 35
1779209281081 0.53598 36
1779209959373 0.53811 37
1779210638018 0.54155 38
1779211315524 0.54252 39
1779211994911 0.54232 40
1779212675615 0.54207 41
1779213360257 0.54374 42
1779214048109 0.54356 43
1779214733441 0.54505 44
1779215391249 0.54483 45
1779216049547 0.54581 46
1779216708214 0.5451 47
1779217810116 0.54529 48
1779218513355 0.54615 49
1779218545970 0.5459767453567181 49
