1779201314360 0.73435 26
1779202164433 0.73334 27
1779202836590 0.72501 28
1779204075076 0.73805 29
1779205212841 0.72127 30
1779205891872 0.72857 31
1779206567863 0.75609 32
1779207251440 0.75785 33
1779207928569 0.7389 34
1779208605099 0.75125 35
1779209281081 0.74268 36
1779209959373 0.73013 37
1779210638018 0.74907 38
1779211315524 0.75221 39
1779211994911 0.73462 40
1779212675615 0.75325 41
1779213360257 0.73622 42
1779214048109 0.73683 43
1779214733441 0.75483 44
1779215391249 0.76241 45
1779216049547 0.75051 46
1779216708214 0.7459 47
1779217810116 0.75137 48
1779218513355 0.74581 49
1779218545970 0.7449843424701482 49
