1779201314360 0.5753 26
1779202164433 0.58549 27
1779202836590 0.60387 28
1779204075076 0.59444 29
1779205212841 0.61053 30
1779205891872 0.6135 31
1779206567863 0.5944 32
1779207251440 0.6077 33
1779207928569 0.63059 34
1779208605099 0.62985 35
1779209281081 0.63679 36
1779209959373 0.64728 37
1779210638018 0.63259 38
1779211315524 0.63645 39
1779211994911 0.64794 40
1779212675615 0.63721 41
1779213360257 0.6429 42
1779214048109 0.64705 43
1779214733441 0.63697 44
1779215391249 0.6353 45
1779216049547 0.63706 46
1779216708214 0.64331 47
1779217810116 0.6388 48
1779218513355 0.64425 49
1779218545970 0.6442813051087579 49
